5
0 7172 24014 8426 25818 15668 9176 19520 31676 31257 
959 0 5895 20788 30864 11007 23454 28080 6302 19861 
16857 20034 0 17751 17241 14084 3227 19710 3982 10021 
17207 1133 1720 0 23426 469 14775 1709 8803 26154 
14861 29935 9241 11478 0 28382 30521 2367 20119 22082 
6744 22080 32189 23193 23356 0 8218 6110 19823 17999 
32353 24522 2468 8454 24198 5057 0 201 20917 7257 
13284 14284 31143 973 3306 30424 30062 0 8187 23316 
12407 14200 31594 6499 25594 12515 13710 20744 0 32538 
15506 4494 32028 735 16513 25163 22161 28609 31061 0 
